16 67
21 67
7 68
12 68
0 69
23 70
209 70
28 71
204 71
215 71
179 72
201 72
233 72
145 73
150 73
155 73
160 73
165 73
170 73
175 73
182 73
198 73
26 74
184 74
191 74
196 74
236 74
3 75
51 75
219 75
224 75
237 75
5 76
10 76
24 76
138 76
22 77
136 77
235 77
16 78
207 78
240 78
253 78
21 79
117 79
122 79
200 79
210 79
215 79
250 79
271 79
20 80
135 80
173 80
216 80
257 80
262 80
267 80
16 81
111 81
159 81
166 81
176 81
197 81
229 81
110 82
179 82
193 82
243 82
127 83
185 83
227 83
107 84
130 84
155 84
246 84
256 84
261 84
266 84
271 84
104 85
149 85
187 85
192 85
8 86
102 86
143 86
153 86
139 87
23 88
4 89
19 89
134 89
1 90
11 90
16 90
63 90
111 90
62 91
113 91
118 91
132 91
61 92
121 92
126 92
33 93
106 93
4 94
15 94
20 94
35 94
106 94
111 94
6 95
24 95
60 95
107 95
17 96
26 96
40 96
45 96
92 96
149 96
20 97
50 97
55 97
85 97
91 97
15 98
34 98
49 98
74 98
79 98
84 98
15 99
38 99
116 99
45 100
116 100
62 101
42 102
61 102
84 102
148 102
54 103
59 103
74 103
79 103
87 103
117 103
43 104
97 104
46 105
96 105
103 105
108 105
109 106
111 107
125 107
111 108
122 108
128 108
118 109
120 110
122 112
125 113
