170 0
175 0
180 0
185 0
190 0
195 0
200 0
205 0
169 1
159 2
213 2
167 3
155 4
220 4
222 5
166 6
162 7
153 8
152 9
232 9
162 10
137 11
164 11
237 11
144 12
239 12
135 13
149 13
246 13
144 14
248 14
133 15
147 15
251 15
145 16
254 16
127 17
166 17
139 18
166 18
138 19
126 20
266 20
79 21
142 21
126 22
272 22
116 23
121 23
135 23
113 24
139 24
69 25
137 25
131 26
67 27
130 27
71 28
105 28
70 29
128 29
72 30
104 30
117 31
125 31
115 32
98 33
97 34
124 35
94 37
91 38
88 39
88 40
87 41
115 42
113 43
111 44
111 45
77 46
75 47
73 48
123 48
106 49
224 49
105 50
219 50
103 51
217 51
68 52
115 52
100 53
216 53
104 54
230 54
104 55
64 56
124 56
96 57
218 57
95 58
220 58
100 59
63 60
124 60
98 61
222 61
91 62
222 62
58 63
97 63
235 63
53 64
88 64
224 64
46 65
86 65
225 65
85 66
225 66
5 67
10 67
15 67
93 67
239 67
19 68
39 68
124 68
37 69
115 69
22 70
90 70
229 70
35 71
90 71
242 71
80 72
124 72
31 73
116 73
244 73
86 74
244 74
28 75
116 75
12 76
76 76
233 76
25 77
83 77
8 78
73 78
125 78
22 79
81 79
234 79
5 80
80 80
249 80
19 81
128 81
1 82
78 82
251 82
77 83
252 83
77 84
254 84
115 85
120 85
239 85
64 86
124 86
8 87
75 87
62 88
242 88
62 89
257 89
70 90
2 91
259 91
244 92
67 93
55 94
262 94
263 95
246 96
63 97
249 98
249 99
60 100
267 100
251 101
58 102
57 103
45 104
269 104
254 105
55 106
53 107
53 108
256 109
51 110
38 111
37 112
36 113
34 114
261 114
32 116
32 117
31 118
29 119
40 120
266 121
266 122
23 124
23 125
22 126
21 127
20 128
19 129
30 130
29 131
15 132
13 133
12 134
24 135
23 137
6 139
6 140
20 141
1 143
16 144
12 148
9 151
153 153
153 154
154 155
2 157
142 180
61 181
144 181
244 181
0 182
48 182
63 182
158 182
232 182
248 182
273 182
